taxon1,taxon2,taxon3,taxon4,CF12.34,CF13.24,CF14.23
A_Lyr,Bsch_0,Da1_12,Dra_0,0.987,0.00650000000000001,0.00650000000000001
A_Lyr,Bsch_0,Co_1,Hau_0,0.265,0.343,0.392
A_Lyr,Bsch_0,Co_1,Dra_0,0.293,0.325,0.382
A_Lyr,Bsch_0,Cnt_1,Co_1,0.292,0.389,0.32
A_Lyr,Bsch_0,Cnt_1,Yo_0,0.308,0.341,0.351
A_Lyr,Bsch_0,Cnt_1,En_2,0.269,0.387,0.345
A_Lyr,Bsch_0,Co_1,En_2,0.265,0.345,0.39
A_Lyr,Bsch_0,Cnt_1,Da1_12,0.288,0.375,0.336
A_Lyr,Bsch_0,Co_1,Hey_1,0.254,0.414,0.332
A_Lyr,Bsch_0,Cnt_1,Dra_0,0.289,0.375,0.336
A_Lyr,Bsch_0,Co_1,Et_0,0.276,0.358,0.366
A_Lyr,Bsch_0,Co_1,Ha_0,0.24,0.352,0.408
A_Lyr,Bsch_0,Co_1,Da1_12,0.295,0.324,0.381
A_Lyr,Bsch_0,Cnt_1,Ha_0,0.294,0.362,0.344
A_Lyr,Bsch_0,Cnt_1,Et_0,0.328,0.368,0.304
A_Lyr,Bsch_0,Cnt_1,Is_0,0.22,0.557,0.223
A_Lyr,Bsch_0,Cnt_1,Uk_1,0.371,0.34,0.289
A_Lyr,Bsch_0,Co_1,Is_0,0.193,0.562,0.245
A_Lyr,Bsch_0,Cnt_1,Vind_1,0.496,0.257,0.247
A_Lyr,Bsch_0,Cnt_1,Tha_1,0.31,0.375,0.315
A_Lyr,Bsch_0,Co_1,Jm_0,0.234,0.378,0.389
A_Lyr,Bsch_0,Cnt_1,Uod_1,0.333,0.335,0.333
A_Lyr,Bsch_0,Cnt_1,Hey_1,0.292,0.419,0.29
A_Lyr,Bsch_0,Cnt_1,Ragl_1,0.29,0.41,0.3
A_Lyr,Bsch_0,Co_1,Kro_0,0.257,0.362,0.381
A_Lyr,Bsch_0,Cnt_1,Mnz_0,0.329,0.343,0.327
A_Lyr,Bsch_0,Co_1,Nw_0,0.245,0.368,0.387
A_Lyr,Bsch_0,Cnt_1,Tu_0,0.293,0.43,0.277
A_Lyr,Bsch_0,Co_1,Qar_8a,0.315,0.207,0.478
A_Lyr,Bsch_0,Co_1,Mnz_0,0.265,0.342,0.392
A_Lyr,Bsch_0,Cnt_1,Nw_0,0.25,0.403,0.346
A_Lyr,Bsch_0,Co_1,Pna_17,0.274,0.324,0.402
A_Lyr,Bsch_0,Co_1,Tu_0,0.257,0.403,0.34
A_Lyr,Bsch_0,Cnt_1,Qar_8a,0.29,0.255,0.455
A_Lyr,Bsch_0,Co_1,Pla_0,0.299,0.317,0.384
A_Lyr,Bsch_0,Cnt_1,Pla_0,0.351,0.32,0.329
A_Lyr,Bsch_0,Co_1,Yo_0,0.25,0.334,0.416
A_Lyr,Bsch_0,Cnt_1,Pna_17,0.369,0.318,0.314
A_Lyr,Bsch_0,Co_1,Uod_1,0.277,0.333,0.39
A_Lyr,Bsch_0,Co_1,Ragl_1,0.254,0.392,0.354
A_Lyr,Bsch_0,Cnt_1,Hau_0,0.323,0.343,0.334
A_Lyr,Bsch_0,Cnt_1,Jm_0,0.291,0.381,0.328
A_Lyr,Bsch_0,Cnt_1,Kro_0,0.285,0.389,0.326
A_Lyr,Bsch_0,Co_1,Wt_5,0.266,0.396,0.337
A_Lyr,Bsch_0,Cnt_1,Wt_5,0.283,0.422,0.295
A_Lyr,Bsch_0,Cnt_1,Wa_1,0.308,0.343,0.349
A_Lyr,Bsch_0,Co_1,Van_0,0.272,0.355,0.373
A_Lyr,Bsch_0,Co_1,Rome_1,0.298,0.329,0.373
A_Lyr,Bsch_0,Co_1,Vind_1,0.281,0.321,0.399
A_Lyr,Bsch_0,Cnt_1,Van_0,0.311,0.37,0.319
A_Lyr,Bsch_0,Co_1,Wa_1,0.249,0.338,0.413
A_Lyr,Bsch_0,Co_1,Uk_1,0.259,0.369,0.372
A_Lyr,Bsch_0,Cnt_1,Rome_1,0.307,0.363,0.33
A_Lyr,Bsch_0,Co_1,Tha_1,0.287,0.357,0.356
A_Lyr,Bsch_0,Da1_12,Is_0,0.2,0.561,0.239
A_Lyr,Bsch_0,Da1_12,Hey_1,0.259,0.421,0.32
A_Lyr,Bsch_0,Da1_12,Et_0,0.273,0.358,0.369
A_Lyr,Bsch_0,Da1_12,Jm_0,0.361,0.329,0.31
A_Lyr,Bsch_0,Da1_12,Hau_0,0.312,0.33,0.358
A_Lyr,Bsch_0,Da1_12,Nw_0,0.285,0.366,0.349
A_Lyr,Bsch_0,Da1_12,Kro_0,0.264,0.377,0.359
A_Lyr,Bsch_0,Da1_12,Ha_0,0.297,0.337,0.366
A_Lyr,Bsch_0,Da1_12,Qar_8a,0.251,0.243,0.506
A_Lyr,Bsch_0,Da1_12,Mnz_0,0.268,0.352,0.38
A_Lyr,Bsch_0,Da1_12,Ragl_1,0.281,0.397,0.321
A_Lyr,Bsch_0,Da1_12,Rome_1,0.289,0.348,0.363
A_Lyr,Bsch_0,Da1_12,Pla_0,0.294,0.331,0.375
A_Lyr,Bsch_0,Da1_12,Pna_17,0.282,0.332,0.386
A_Lyr,Bsch_0,Da1_12,En_2,0.277,0.348,0.376
A_Lyr,Bsch_0,En_2,Ha_0,0.506,0.241,0.253
A_Lyr,Bsch_0,Dra_0,Is_0,0.2,0.564,0.236
A_Lyr,Bsch_0,Da1_12,Tha_1,0.264,0.386,0.35
A_Lyr,Bsch_0,Da1_12,Uod_1,0.412,0.275,0.313
A_Lyr,Bsch_0,Da1_12,Uk_1,0.308,0.356,0.336
A_Lyr,Bsch_0,Da1_12,Tu_0,0.297,0.399,0.304
A_Lyr,Bsch_0,En_2,Is_0,0.208,0.55,0.242
A_Lyr,Bsch_0,Da1_12,Wt_5,0.307,0.396,0.297
A_Lyr,Bsch_0,Da1_12,Vind_1,0.268,0.35,0.382
A_Lyr,Bsch_0,Dra_0,Hey_1,0.259,0.423,0.319
A_Lyr,Bsch_0,Dra_0,Tha_1,0.266,0.385,0.349
A_Lyr,Bsch_0,Dra_0,Tu_0,0.298,0.398,0.304
A_Lyr,Bsch_0,Dra_0,Et_0,0.272,0.357,0.371
A_Lyr,Bsch_0,Dra_0,Jm_0,0.362,0.328,0.31
A_Lyr,Bsch_0,Dra_0,En_2,0.277,0.345,0.377
A_Lyr,Bsch_0,Da1_12,Wa_1,0.345,0.3,0.355
A_Lyr,Bsch_0,Dra_0,Hau_0,0.313,0.329,0.358
A_Lyr,Bsch_0,Dra_0,Kro_0,0.264,0.377,0.359
A_Lyr,Bsch_0,Dra_0,Uod_1,0.411,0.277,0.312
A_Lyr,Bsch_0,Da1_12,Van_0,0.275,0.37,0.355
A_Lyr,Bsch_0,Dra_0,Qar_8a,0.25,0.243,0.506
A_Lyr,Bsch_0,Dra_0,Wt_5,0.307,0.394,0.299
A_Lyr,Bsch_0,En_2,Hey_1,0.268,0.433,0.299
A_Lyr,Bsch_0,Dra_0,Ha_0,0.298,0.335,0.366
A_Lyr,Bsch_0,Dra_0,Mnz_0,0.272,0.351,0.378
A_Lyr,Bsch_0,Dra_0,Yo_0,0.252,0.346,0.402
A_Lyr,Bsch_0,Dra_0,Uk_1,0.311,0.354,0.335
A_Lyr,Bsch_0,Dra_0,Vind_1,0.269,0.349,0.382
A_Lyr,Bsch_0,Dra_0,Ragl_1,0.281,0.396,0.323
A_Lyr,Bsch_0,Dra_0,Rome_1,0.289,0.348,0.364
A_Lyr,Bsch_0,Dra_0,Pla_0,0.294,0.332,0.374
A_Lyr,Bsch_0,Dra_0,Wa_1,0.346,0.3,0.354
A_Lyr,Bsch_0,Da1_12,Yo_0,0.251,0.347,0.402
A_Lyr,Bsch_0,Dra_0,Pna_17,0.283,0.332,0.385
A_Lyr,Bsch_0,En_2,Et_0,0.316,0.355,0.329
A_Lyr,Bsch_0,Dra_0,Nw_0,0.286,0.365,0.35
A_Lyr,Bsch_0,En_2,Jm_0,0.315,0.364,0.321
A_Lyr,Bsch_0,Dra_0,Van_0,0.276,0.368,0.355
A_Lyr,Bsch_0,En_2,Hau_0,0.282,0.358,0.36
A_Lyr,Bsch_0,En_2,Kro_0,0.483,0.278,0.239
A_Lyr,Bsch_0,En_2,Nw_0,0.47,0.273,0.257
A_Lyr,Bsch_0,En_2,Pna_17,0.499,0.235,0.266
A_Lyr,Bsch_0,En_2,Vind_1,0.395,0.298,0.307
A_Lyr,Bsch_0,En_2,Tu_0,0.34,0.391,0.269
A_Lyr,Bsch_0,En_2,Rome_1,0.403,0.299,0.298
A_Lyr,Bsch_0,En_2,Mnz_0,0.271,0.36,0.369
A_Lyr,Bsch_0,En_2,Van_0,0.396,0.318,0.286
A_Lyr,Bsch_0,En_2,Tha_1,0.272,0.386,0.342
A_Lyr,Bsch_0,En_2,Ragl_1,0.338,0.386,0.277
A_Lyr,Bsch_0,En_2,Qar_8a,0.282,0.248,0.471
A_Lyr,Bsch_0,En_2,Uk_1,0.379,0.329,0.292
A_Lyr,Bsch_0,En_2,Pla_0,0.293,0.34,0.367
A_Lyr,Bsch_0,En_2,Uod_1,0.296,0.343,0.36
A_Lyr,Bsch_0,En_2,Wa_1,0.263,0.357,0.38
A_Lyr,Bsch_0,En_2,Yo_0,0.487,0.245,0.268
A_Lyr,Bsch_0,En_2,Wt_5,0.274,0.418,0.307
A_Lyr,Bsch_0,Et_0,Is_0,0.193,0.547,0.26
A_Lyr,Bsch_0,Ha_0,Nw_0,0.54,0.249,0.211
A_Lyr,Bsch_0,Ha_0,Pna_17,0.493,0.239,0.268
A_Lyr,Bsch_0,Ha_0,Kro_0,0.523,0.26,0.217
A_Lyr,Bsch_0,Et_0,Hey_1,0.277,0.404,0.319
A_Lyr,Bsch_0,Et_0,Hau_0,0.312,0.33,0.358
A_Lyr,Bsch_0,Et_0,Ha_0,0.33,0.311,0.359
A_Lyr,Bsch_0,Ha_0,Is_0,0.211,0.56,0.229
A_Lyr,Bsch_0,Et_0,Tu_0,0.284,0.407,0.309
A_Lyr,Bsch_0,Et_0,Jm_0,0.312,0.344,0.343
A_Lyr,Bsch_0,Et_0,Kro_0,0.302,0.351,0.347
A_Lyr,Bsch_0,Et_0,Tha_1,0.255,0.377,0.368
A_Lyr,Bsch_0,Et_0,Nw_0,0.302,0.347,0.352
A_Lyr,Bsch_0,Et_0,Uk_1,0.311,0.351,0.339
A_Lyr,Bsch_0,Et_0,Qar_8a,0.288,0.236,0.476
A_Lyr,Bsch_0,Ha_0,Rome_1,0.382,0.317,0.301
A_Lyr,Bsch_0,Et_0,Uod_1,0.304,0.324,0.372
A_Lyr,Bsch_0,Et_0,Pla_0,0.38,0.281,0.339
A_Lyr,Bsch_0,Ha_0,Jm_0,0.352,0.347,0.301
A_Lyr,Bsch_0,Et_0,Mnz_0,0.297,0.337,0.367
A_Lyr,Bsch_0,Et_0,Yo_0,0.301,0.318,0.381
A_Lyr,Bsch_0,Et_0,Van_0,0.331,0.335,0.334
A_Lyr,Bsch_0,Et_0,Wa_1,0.303,0.324,0.374
A_Lyr,Bsch_0,Et_0,Wt_5,0.254,0.418,0.329
A_Lyr,Bsch_0,Et_0,Pna_17,0.317,0.311,0.372
A_Lyr,Bsch_0,Ha_0,Hau_0,0.284,0.357,0.359
A_Lyr,Bsch_0,Ha_0,Hey_1,0.305,0.415,0.28
A_Lyr,Bsch_0,Et_0,Ragl_1,0.286,0.391,0.323
A_Lyr,Bsch_0,Et_0,Vind_1,0.328,0.309,0.362
A_Lyr,Bsch_0,Ha_0,Ragl_1,0.375,0.368,0.257
A_Lyr,Bsch_0,Ha_0,Tha_1,0.281,0.389,0.33
A_Lyr,Bsch_0,Et_0,Rome_1,0.307,0.336,0.357
A_Lyr,Bsch_0,Ha_0,Mnz_0,0.296,0.355,0.35
A_Lyr,Bsch_0,Ha_0,Qar_8a,0.261,0.263,0.476
A_Lyr,Bsch_0,Ha_0,Tu_0,0.317,0.417,0.267
A_Lyr,Bsch_0,Ha_0,Uk_1,0.296,0.375,0.33
A_Lyr,Bsch_0,Ha_0,Pla_0,0.283,0.357,0.361
A_Lyr,Bsch_0,Ha_0,Uod_1,0.299,0.347,0.354
A_Lyr,Bsch_0,Ha_0,Van_0,0.418,0.313,0.269
A_Lyr,Bsch_0,Ha_0,Vind_1,0.423,0.284,0.293
A_Lyr,Bsch_0,Hau_0,Is_0,0.186,0.562,0.253
A_Lyr,Bsch_0,Ha_0,Yo_0,0.514,0.236,0.25
A_Lyr,Bsch_0,Hau_0,Hey_1,0.272,0.419,0.309
A_Lyr,Bsch_0,Ha_0,Wt_5,0.274,0.42,0.306
A_Lyr,Bsch_0,Hau_0,Mnz_0,0.422,0.295,0.283
A_Lyr,Bsch_0,Ha_0,Wa_1,0.305,0.344,0.352
A_Lyr,Bsch_0,Hau_0,Jm_0,0.305,0.364,0.331
A_Lyr,Bsch_0,Hau_0,Kro_0,0.285,0.385,0.331
A_Lyr,Bsch_0,Hau_0,Nw_0,0.261,0.392,0.347
A_Lyr,Bsch_0,Hau_0,Pla_0,0.304,0.349,0.348
A_Lyr,Bsch_0,Hau_0,Pna_17,0.32,0.333,0.347
A_Lyr,Bsch_0,Hau_0,Ragl_1,0.306,0.39,0.304
A_Lyr,Bsch_0,Hau_0,Qar_8a,0.255,0.261,0.484
A_Lyr,Bsch_0,Hau_0,Tha_1,0.318,0.362,0.32
A_Lyr,Bsch_0,Hau_0,Tu_0,0.264,0.436,0.299
A_Lyr,Bsch_0,Hau_0,Uk_1,0.288,0.382,0.33
A_Lyr,Bsch_0,Hau_0,Uod_1,0.319,0.335,0.346
A_Lyr,Bsch_0,Hey_1,Is_0,0.26,0.492,0.248
A_Lyr,Bsch_0,Hau_0,Rome_1,0.272,0.374,0.354
A_Lyr,Bsch_0,Hau_0,Yo_0,0.332,0.321,0.346
A_Lyr,Bsch_0,Hau_0,Van_0,0.284,0.379,0.337
A_Lyr,Bsch_0,Is_0,Mnz_0,0.25,0.214,0.535
A_Lyr,Bsch_0,Hau_0,Vind_1,0.296,0.346,0.358
A_Lyr,Bsch_0,Is_0,Qar_8a,0.16,0.179,0.66
A_Lyr,Bsch_0,Is_0,Jm_0,0.199,0.254,0.547
A_Lyr,Bsch_0,Hey_1,Tha_1,0.381,0.285,0.334
A_Lyr,Bsch_0,Hau_0,Wa_1,0.348,0.317,0.335
A_Lyr,Bsch_0,Is_0,Kro_0,0.192,0.271,0.536
A_Lyr,Bsch_0,Hey_1,Jm_0,0.269,0.321,0.41
A_Lyr,Bsch_0,Is_0,Pla_0,0.215,0.228,0.558
A_Lyr,Bsch_0,Is_0,Nw_0,0.237,0.231,0.532
A_Lyr,Bsch_0,Hey_1,Kro_0,0.27,0.323,0.407
A_Lyr,Bsch_0,Hau_0,Wt_5,0.291,0.425,0.284
A_Lyr,Bsch_0,Hey_1,Pna_17,0.278,0.285,0.437
A_Lyr,Bsch_0,Hey_1,Uod_1,0.269,0.304,0.427
A_Lyr,Bsch_0,Is_0,Rome_1,0.184,0.253,0.563
A_Lyr,Bsch_0,Is_0,Pna_17,0.183,0.24,0.577
A_Lyr,Bsch_0,Hey_1,Tu_0,0.27,0.37,0.36
A_Lyr,Bsch_0,Hey_1,Van_0,0.304,0.301,0.395
A_Lyr,Bsch_0,Hey_1,Wa_1,0.3,0.279,0.421
A_Lyr,Bsch_0,Hey_1,Qar_8a,0.221,0.229,0.55
A_Lyr,Bsch_0,Hey_1,Vind_1,0.305,0.281,0.415
A_Lyr,Bsch_0,Hey_1,Pla_0,0.29,0.291,0.419
A_Lyr,Bsch_0,Hey_1,Mnz_0,0.328,0.28,0.392
A_Lyr,Bsch_0,Hey_1,Rome_1,0.252,0.321,0.427
A_Lyr,Bsch_0,Hey_1,Wt_5,0.303,0.344,0.352
A_Lyr,Bsch_0,Hey_1,Uk_1,0.311,0.306,0.383
A_Lyr,Bsch_0,Hey_1,Yo_0,0.285,0.285,0.429
A_Lyr,Bsch_0,Hey_1,Ragl_1,0.309,0.334,0.357
A_Lyr,Bsch_0,Hey_1,Nw_0,0.279,0.31,0.411
A_Lyr,Bsch_0,Is_0,Ragl_1,0.234,0.262,0.504
A_Lyr,Bsch_0,Is_0,Tu_0,0.263,0.256,0.481
A_Lyr,Bsch_0,Is_0,Tha_1,0.239,0.228,0.533
A_Lyr,Bsch_0,Is_0,Uod_1,0.215,0.226,0.559
A_Lyr,Bsch_0,Is_0,Uk_1,0.244,0.235,0.521
A_Lyr,Bsch_0,Is_0,Van_0,0.197,0.25,0.553
A_Lyr,Bsch_0,Is_0,Vind_1,0.193,0.239,0.568
A_Lyr,Bsch_0,Is_0,Wa_1,0.194,0.228,0.578
A_Lyr,Bsch_0,Is_0,Wt_5,0.228,0.263,0.509
A_Lyr,Bsch_0,Is_0,Yo_0,0.212,0.228,0.56
A_Lyr,Bsch_0,Jm_0,Kro_0,0.337,0.342,0.321
A_Lyr,Bsch_0,Jm_0,Nw_0,0.328,0.336,0.336
A_Lyr,Bsch_0,Jm_0,Mnz_0,0.275,0.343,0.382
A_Lyr,Bsch_0,Jm_0,Pla_0,0.279,0.338,0.383
A_Lyr,Bsch_0,Jm_0,Pna_17,0.333,0.297,0.371
A_Lyr,Bsch_0,Jm_0,Qar_8a,0.252,0.246,0.503
A_Lyr,Bsch_0,Kro_0,Nw_0,0.513,0.237,0.25
A_Lyr,Bsch_0,Jm_0,Rome_1,0.343,0.316,0.34
A_Lyr,Bsch_0,Kro_0,Pna_17,0.481,0.222,0.298
A_Lyr,Bsch_0,Jm_0,Ragl_1,0.268,0.397,0.335
A_Lyr,Bsch_0,Kro_0,Yo_0,0.495,0.221,0.284
A_Lyr,Bsch_0,Jm_0,Tu_0,0.3,0.397,0.303
A_Lyr,Bsch_0,Jm_0,Yo_0,0.334,0.3,0.365
A_Lyr,Bsch_0,Jm_0,Vind_1,0.345,0.301,0.355
A_Lyr,Bsch_0,Jm_0,Van_0,0.341,0.325,0.334
A_Lyr,Bsch_0,Jm_0,Tha_1,0.233,0.39,0.377
A_Lyr,Bsch_0,Kro_0,Rome_1,0.394,0.282,0.323
A_Lyr,Bsch_0,Jm_0,Uk_1,0.339,0.331,0.33
A_Lyr,Bsch_0,Kro_0,Van_0,0.407,0.293,0.3
A_Lyr,Bsch_0,Jm_0,Uod_1,0.352,0.299,0.349
A_Lyr,Bsch_0,Kro_0,Vind_1,0.402,0.272,0.326
A_Lyr,Bsch_0,Kro_0,Tu_0,0.329,0.377,0.295
A_Lyr,Bsch_0,Jm_0,Wt_5,0.238,0.421,0.341
A_Lyr,Bsch_0,Jm_0,Wa_1,0.339,0.301,0.36
A_Lyr,Bsch_0,Kro_0,Tha_1,0.253,0.378,0.37
A_Lyr,Bsch_0,Mnz_0,Tha_1,0.333,0.349,0.318
A_Lyr,Bsch_0,Kro_0,Ragl_1,0.385,0.338,0.277
A_Lyr,Bsch_0,Kro_0,Uod_1,0.285,0.322,0.393
A_Lyr,Bsch_0,Kro_0,Qar_8a,0.263,0.242,0.494
A_Lyr,Bsch_0,Kro_0,Mnz_0,0.31,0.314,0.376
A_Lyr,Bsch_0,Kro_0,Wt_5,0.281,0.39,0.33
A_Lyr,Bsch_0,Kro_0,Uk_1,0.262,0.371,0.367
A_Lyr,Bsch_0,Kro_0,Pla_0,0.284,0.328,0.387
A_Lyr,Bsch_0,Mnz_0,Tu_0,0.293,0.423,0.284
A_Lyr,Bsch_0,Mnz_0,Nw_0,0.308,0.36,0.331
A_Lyr,Bsch_0,Kro_0,Wa_1,0.301,0.314,0.386
A_Lyr,Bsch_0,Mnz_0,Qar_8a,0.264,0.248,0.488
A_Lyr,Bsch_0,Mnz_0,Pna_17,0.303,0.331,0.366
A_Lyr,Bsch_0,Mnz_0,Uod_1,0.314,0.332,0.354
A_Lyr,Bsch_0,Mnz_0,Uk_1,0.274,0.383,0.343
A_Lyr,Bsch_0,Nw_0,Pna_17,0.464,0.24,0.296
A_Lyr,Bsch_0,Mnz_0,Ragl_1,0.286,0.401,0.313
A_Lyr,Bsch_0,Mnz_0,Rome_1,0.284,0.357,0.359
A_Lyr,Bsch_0,Mnz_0,Vind_1,0.291,0.34,0.369
A_Lyr,Bsch_0,Mnz_0,Van_0,0.287,0.371,0.342
A_Lyr,Bsch_0,Mnz_0,Wa_1,0.339,0.316,0.345
A_Lyr,Bsch_0,Mnz_0,Wt_5,0.482,0.312,0.206
A_Lyr,Bsch_0,Mnz_0,Pla_0,0.304,0.338,0.358
A_Lyr,Bsch_0,Mnz_0,Yo_0,0.307,0.328,0.365
A_Lyr,Bsch_0,Nw_0,Pla_0,0.277,0.34,0.383
A_Lyr,Bsch_0,Nw_0,Rome_1,0.384,0.295,0.321
A_Lyr,Bsch_0,Nw_0,Qar_8a,0.262,0.251,0.487
A_Lyr,Bsch_0,Nw_0,Ragl_1,0.422,0.322,0.256
A_Lyr,Bsch_0,Nw_0,Tha_1,0.258,0.388,0.354
A_Lyr,Bsch_0,Nw_0,Tu_0,0.307,0.399,0.294
A_Lyr,Bsch_0,Nw_0,Van_0,0.374,0.32,0.306
A_Lyr,Bsch_0,Nw_0,Uk_1,0.288,0.364,0.348
A_Lyr,Bsch_0,Nw_0,Uod_1,0.25,0.348,0.402
A_Lyr,Bsch_0,Nw_0,Vind_1,0.368,0.301,0.331
A_Lyr,Bsch_0,Nw_0,Yo_0,0.487,0.232,0.281
A_Lyr,Bsch_0,Pna_17,Yo_0,0.565,0.22,0.216
A_Lyr,Bsch_0,Nw_0,Wt_5,0.285,0.391,0.324
A_Lyr,Bsch_0,Nw_0,Wa_1,0.263,0.336,0.4
A_Lyr,Bsch_0,Ragl_1,Tha_1,0.258,0.348,0.394
A_Lyr,Bsch_0,Pla_0,Pna_17,0.327,0.33,0.343
A_Lyr,Bsch_0,Qar_8a,Vind_1,0.291,0.458,0.251
A_Lyr,Bsch_0,Ragl_1,Tu_0,0.239,0.4,0.36
A_Lyr,Bsch_0,Pla_0,Tu_0,0.29,0.429,0.281
A_Lyr,Bsch_0,Pla_0,Qar_8a,0.319,0.238,0.442
A_Lyr,Bsch_0,Pna_17,Rome_1,0.421,0.31,0.269
A_Lyr,Bsch_0,Pla_0,Tha_1,0.299,0.381,0.32
A_Lyr,Bsch_0,Pla_0,Uod_1,0.318,0.339,0.343
A_Lyr,Bsch_0,Pla_0,Ragl_1,0.32,0.399,0.28
A_Lyr,Bsch_0,Pna_17,Vind_1,0.449,0.283,0.268
A_Lyr,Bsch_0,Pla_0,Uk_1,0.306,0.379,0.314
A_Lyr,Bsch_0,Pna_17,Tu_0,0.297,0.427,0.275
A_Lyr,Bsch_0,Ragl_1,Uod_1,0.325,0.284,0.391
A_Lyr,Bsch_0,Pla_0,Rome_1,0.34,0.347,0.313
A_Lyr,Bsch_0,Pna_17,Van_0,0.428,0.319,0.253
A_Lyr,Bsch_0,Pla_0,Wa_1,0.295,0.345,0.361
A_Lyr,Bsch_0,Pna_17,Ragl_1,0.355,0.386,0.259
A_Lyr,Bsch_0,Pna_17,Tha_1,0.298,0.388,0.313
A_Lyr,Bsch_0,Pla_0,Vind_1,0.328,0.337,0.335
A_Lyr,Bsch_0,Pla_0,Van_0,0.359,0.342,0.298
A_Lyr,Bsch_0,Pla_0,Yo_0,0.309,0.342,0.35
A_Lyr,Bsch_0,Pna_17,Qar_8a,0.288,0.263,0.448
A_Lyr,Bsch_0,Pla_0,Wt_5,0.259,0.44,0.301
A_Lyr,Bsch_0,Pna_17,Uod_1,0.302,0.362,0.337
A_Lyr,Bsch_0,Pna_17,Wt_5,0.29,0.432,0.279
A_Lyr,Bsch_0,Pna_17,Uk_1,0.289,0.393,0.318
A_Lyr,Bsch_0,Ragl_1,Vind_1,0.274,0.311,0.415
A_Lyr,Bsch_0,Ragl_1,Van_0,0.306,0.316,0.379
A_Lyr,Bsch_0,Pna_17,Wa_1,0.283,0.361,0.355
A_Lyr,Bsch_0,Ragl_1,Wa_1,0.284,0.303,0.413
A_Lyr,Bsch_0,Qar_8a,Ragl_1,0.259,0.517,0.224
A_Lyr,Bsch_0,Qar_8a,Wt_5,0.216,0.563,0.22
A_Lyr,Bsch_0,Qar_8a,Uod_1,0.279,0.468,0.253
A_Lyr,Bsch_0,Qar_8a,Tha_1,0.246,0.511,0.242
A_Lyr,Bsch_0,Qar_8a,Uk_1,0.268,0.506,0.226
A_Lyr,Bsch_0,Qar_8a,Tu_0,0.231,0.56,0.209
A_Lyr,Bsch_0,Ragl_1,Yo_0,0.365,0.26,0.374
A_Lyr,Bsch_0,Qar_8a,Van_0,0.281,0.478,0.241
A_Lyr,Bsch_0,Ragl_1,Rome_1,0.275,0.322,0.404
A_Lyr,Bsch_0,Ragl_1,Wt_5,0.275,0.378,0.348
A_Lyr,Bsch_0,Rome_1,Tha_1,0.286,0.386,0.328
A_Lyr,Bsch_0,Qar_8a,Yo_0,0.29,0.451,0.259
A_Lyr,Bsch_0,Qar_8a,Rome_1,0.288,0.471,0.242
A_Lyr,Bsch_0,Ragl_1,Uk_1,0.339,0.301,0.36
A_Lyr,Bsch_0,Qar_8a,Wa_1,0.26,0.478,0.262
A_Lyr,Bsch_0,Rome_1,Tu_0,0.293,0.417,0.289
A_Lyr,Bsch_0,Rome_1,Uk_1,0.307,0.36,0.333
A_Lyr,Bsch_0,Rome_1,Van_0,0.435,0.288,0.277
A_Lyr,Bsch_0,Rome_1,Uod_1,0.302,0.337,0.361
A_Lyr,Bsch_0,Rome_1,Vind_1,0.442,0.265,0.293
A_Lyr,Bsch_0,Tha_1,Uod_1,0.274,0.331,0.395
A_Lyr,Bsch_0,Tha_1,Tu_0,0.273,0.397,0.33
A_Lyr,Bsch_0,Tha_1,Van_0,0.289,0.336,0.375
A_Lyr,Bsch_0,Tu_0,Wt_5,0.314,0.336,0.35
A_Lyr,Bsch_0,Rome_1,Yo_0,0.4,0.281,0.319
A_Lyr,Bsch_0,Van_0,Wt_5,0.276,0.406,0.318
A_Lyr,Bsch_0,Tha_1,Uk_1,0.26,0.364,0.377
A_Lyr,Bsch_0,Rome_1,Wt_5,0.277,0.417,0.306
A_Lyr,Bsch_0,Van_0,Wa_1,0.285,0.323,0.392
A_Lyr,Bsch_0,Vind_1,Wa_1,0.279,0.352,0.368
A_Lyr,Bsch_0,Rome_1,Wa_1,0.299,0.335,0.366
A_Lyr,Bsch_0,Tha_1,Wa_1,0.311,0.306,0.383
A_Lyr,Bsch_0,Tha_1,Wt_5,0.282,0.389,0.329
A_Lyr,Bsch_0,Tu_0,Yo_0,0.312,0.265,0.422
A_Lyr,Bsch_0,Tha_1,Vind_1,0.298,0.312,0.39
A_Lyr,Bsch_0,Tha_1,Yo_0,0.292,0.32,0.388
A_Lyr,Bsch_0,Tu_0,Vind_1,0.307,0.275,0.418
A_Lyr,Bsch_0,Tu_0,Uk_1,0.275,0.324,0.401
A_Lyr,Bsch_0,Tu_0,Uod_1,0.31,0.277,0.413
A_Lyr,Cnt_1,Co_1,Ha_0,0.3,0.334,0.365
A_Lyr,Cnt_1,Co_1,Dra_0,0.363,0.312,0.325
A_Lyr,Bsch_0,Tu_0,Wa_1,0.27,0.285,0.445
A_Lyr,Cnt_1,Co_1,Hau_0,0.306,0.361,0.334
A_Lyr,Bsch_0,Tu_0,Van_0,0.32,0.286,0.394
A_Lyr,Bsch_0,Uk_1,Uod_1,0.357,0.293,0.35
A_Lyr,Bsch_0,Van_0,Yo_0,0.408,0.266,0.326
A_Lyr,Bsch_0,Uk_1,Vind_1,0.297,0.324,0.379
A_Lyr,Bsch_0,Uk_1,Wt_5,0.275,0.397,0.328
A_Lyr,Bsch_0,Uod_1,Yo_0,0.267,0.36,0.373
A_Lyr,Bsch_0,Vind_1,Yo_0,0.436,0.275,0.289
A_Lyr,Bsch_0,Uk_1,Wa_1,0.313,0.31,0.377
A_Lyr,Bsch_0,Uod_1,Wa_1,0.347,0.324,0.329
A_Lyr,Bsch_0,Uod_1,Vind_1,0.306,0.347,0.347
A_Lyr,Bsch_0,Uk_1,Yo_0,0.273,0.331,0.396
A_Lyr,Bsch_0,Uod_1,Wt_5,0.279,0.423,0.298
A_Lyr,Bsch_0,Van_0,Vind_1,0.47,0.242,0.288
A_Lyr,Bsch_0,Uk_1,Van_0,0.295,0.348,0.357
A_Lyr,Cnt_1,Co_1,Mnz_0,0.304,0.365,0.332
A_Lyr,Bsch_0,Vind_1,Wt_5,0.291,0.423,0.286
A_Lyr,Cnt_1,Co_1,Pla_0,0.32,0.366,0.314
A_Lyr,Bsch_0,Wa_1,Wt_5,0.271,0.438,0.29
A_Lyr,Bsch_0,Wt_5,Yo_0,0.255,0.301,0.444
A_Lyr,Bsch_0,Uod_1,Van_0,0.296,0.375,0.329
A_Lyr,Cnt_1,Co_1,Nw_0,0.332,0.3,0.368
A_Lyr,Bsch_0,Wa_1,Yo_0,0.28,0.356,0.364
A_Lyr,Cnt_1,Co_1,Pna_17,0.291,0.394,0.315
A_Lyr,Cnt_1,Co_1,Hey_1,0.33,0.344,0.326
A_Lyr,Cnt_1,Co_1,Is_0,0.355,0.339,0.307
A_Lyr,Cnt_1,Co_1,Et_0,0.32,0.371,0.309
A_Lyr,Cnt_1,Co_1,Da1_12,0.365,0.311,0.323
A_Lyr,Cnt_1,Co_1,Kro_0,0.326,0.329,0.346
A_Lyr,Cnt_1,Co_1,En_2,0.335,0.308,0.357
A_Lyr,Cnt_1,Co_1,Jm_0,0.294,0.359,0.347
A_Lyr,Cnt_1,Co_1,Ragl_1,0.316,0.354,0.33
A_Lyr,Cnt_1,Co_1,Rome_1,0.351,0.34,0.31
A_Lyr,Cnt_1,Co_1,Tha_1,0.353,0.337,0.31
A_Lyr,Cnt_1,Da1_12,Dra_0,0.992,0.004,0.004
A_Lyr,Cnt_1,Co_1,Tu_0,0.348,0.34,0.313
A_Lyr,Cnt_1,Co_1,Uod_1,0.311,0.363,0.325
A_Lyr,Cnt_1,Co_1,Qar_8a,0.333,0.267,0.4
A_Lyr,Cnt_1,Co_1,Wt_5,0.356,0.332,0.313
A_Lyr,Cnt_1,Co_1,Wa_1,0.289,0.344,0.367
A_Lyr,Cnt_1,Da1_12,Kro_0,0.316,0.346,0.339
A_Lyr,Cnt_1,Co_1,Uk_1,0.287,0.414,0.299
A_Lyr,Cnt_1,Da1_12,Pla_0,0.306,0.375,0.319
A_Lyr,Cnt_1,Da1_12,Mnz_0,0.304,0.371,0.324
A_Lyr,Cnt_1,Co_1,Vind_1,0.233,0.525,0.242
A_Lyr,Cnt_1,Dra_0,Et_0,0.317,0.375,0.308
A_Lyr,Cnt_1,Co_1,Van_0,0.328,0.348,0.324
A_Lyr,Cnt_1,Dra_0,Hau_0,0.353,0.34,0.307
A_Lyr,Cnt_1,Co_1,Yo_0,0.291,0.351,0.358
A_Lyr,Cnt_1,Da1_12,En_2,0.341,0.309,0.35
A_Lyr,Cnt_1,Dra_0,Kro_0,0.316,0.345,0.339
A_Lyr,Cnt_1,Da1_12,Ha_0,0.341,0.329,0.329
A_Lyr,Cnt_1,Da1_12,Hey_1,0.334,0.348,0.318
A_Lyr,Cnt_1,Dra_0,Nw_0,0.358,0.292,0.35
A_Lyr,Cnt_1,Da1_12,Et_0,0.318,0.376,0.306
A_Lyr,Cnt_1,Da1_12,Hau_0,0.353,0.34,0.306
A_Lyr,Cnt_1,Da1_12,Jm_0,0.407,0.304,0.288
A_Lyr,Cnt_1,Da1_12,Is_0,0.341,0.351,0.307
A_Lyr,Cnt_1,Da1_12,Nw_0,0.358,0.292,0.35
A_Lyr,Cnt_1,Da1_12,Pna_17,0.287,0.407,0.305
A_Lyr,Cnt_1,Da1_12,Ragl_1,0.346,0.346,0.309
A_Lyr,Cnt_1,Da1_12,Vind_1,0.221,0.531,0.248
A_Lyr,Cnt_1,Da1_12,Uk_1,0.322,0.407,0.271
A_Lyr,Cnt_1,Da1_12,Yo_0,0.287,0.362,0.352
A_Lyr,Cnt_1,Da1_12,Uod_1,0.445,0.296,0.259
A_Lyr,Cnt_1,Da1_12,Tha_1,0.325,0.354,0.321
A_Lyr,Cnt_1,Da1_12,Rome_1,0.326,0.355,0.319
A_Lyr,Cnt_1,Da1_12,Tu_0,0.37,0.334,0.297
A_Lyr,Cnt_1,Da1_12,Van_0,0.32,0.355,0.325
A_Lyr,Cnt_1,Da1_12,Qar_8a,0.257,0.302,0.441
A_Lyr,Cnt_1,Dra_0,En_2,0.341,0.308,0.351
A_Lyr,Cnt_1,Da1_12,Wt_5,0.389,0.323,0.288
A_Lyr,Cnt_1,Da1_12,Wa_1,0.374,0.318,0.308
A_Lyr,Cnt_1,Dra_0,Ha_0,0.343,0.328,0.329
A_Lyr,Cnt_1,Dra_0,Hey_1,0.334,0.347,0.319
A_Lyr,Cnt_1,Dra_0,Jm_0,0.409,0.302,0.289
A_Lyr,Cnt_1,Dra_0,Is_0,0.341,0.352,0.307
A_Lyr,Cnt_1,Dra_0,Ragl_1,0.345,0.345,0.31
A_Lyr,Cnt_1,Dra_0,Pla_0,0.306,0.375,0.319
A_Lyr,Cnt_1,Dra_0,Mnz_0,0.305,0.371,0.324
A_Lyr,Cnt_1,Dra_0,Pna_17,0.286,0.407,0.307
A_Lyr,Cnt_1,Dra_0,Qar_8a,0.257,0.301,0.442
A_Lyr,Cnt_1,Dra_0,Rome_1,0.325,0.354,0.321
A_Lyr,Cnt_1,Dra_0,Tha_1,0.327,0.352,0.322
A_Lyr,Cnt_1,Dra_0,Tu_0,0.368,0.334,0.297
A_Lyr,Cnt_1,Dra_0,Uk_1,0.323,0.407,0.27
A_Lyr,Cnt_1,Dra_0,Uod_1,0.443,0.297,0.259
A_Lyr,Cnt_1,Dra_0,Van_0,0.319,0.355,0.326
A_Lyr,Cnt_1,En_2,Ha_0,0.549,0.237,0.214
A_Lyr,Cnt_1,Dra_0,Wa_1,0.374,0.317,0.309
A_Lyr,Cnt_1,Dra_0,Wt_5,0.388,0.324,0.288
A_Lyr,Cnt_1,En_2,Et_0,0.369,0.376,0.255
A_Lyr,Cnt_1,Dra_0,Vind_1,0.221,0.53,0.249
A_Lyr,Cnt_1,En_2,Is_0,0.36,0.361,0.28
A_Lyr,Cnt_1,En_2,Hau_0,0.327,0.379,0.294
A_Lyr,Cnt_1,En_2,Jm_0,0.391,0.332,0.276
A_Lyr,Cnt_1,Dra_0,Yo_0,0.287,0.361,0.353
A_Lyr,Cnt_1,En_2,Kro_0,0.547,0.248,0.204
A_Lyr,Cnt_1,En_2,Mnz_0,0.311,0.383,0.306
A_Lyr,Cnt_1,En_2,Ragl_1,0.418,0.329,0.253
A_Lyr,Cnt_1,En_2,Pla_0,0.318,0.395,0.287
A_Lyr,Cnt_1,En_2,Nw_0,0.554,0.212,0.234
A_Lyr,Cnt_1,En_2,Tu_0,0.415,0.331,0.254
A_Lyr,Cnt_1,En_2,Pna_17,0.508,0.307,0.185
A_Lyr,Cnt_1,En_2,Hey_1,0.347,0.363,0.291
A_Lyr,Cnt_1,En_2,Yo_0,0.516,0.265,0.219
A_Lyr,Cnt_1,En_2,Uk_1,0.4,0.384,0.216
A_Lyr,Cnt_1,En_2,Vind_1,0.347,0.472,0.182
A_Lyr,Cnt_1,En_2,Rome_1,0.45,0.306,0.244
A_Lyr,Cnt_1,En_2,Van_0,0.444,0.307,0.249
A_Lyr,Cnt_1,En_2,Uod_1,0.342,0.375,0.283
A_Lyr,Cnt_1,En_2,Tha_1,0.334,0.37,0.296
A_Lyr,Cnt_1,En_2,Qar_8a,0.31,0.302,0.389
A_Lyr,Cnt_1,En_2,Wt_5,0.351,0.368,0.281
A_Lyr,Cnt_1,En_2,Wa_1,0.317,0.357,0.326
A_Lyr,Cnt_1,Et_0,Hey_1,0.318,0.321,0.362
A_Lyr,Cnt_1,Et_0,Ha_0,0.36,0.272,0.368
A_Lyr,Cnt_1,Et_0,Hau_0,0.329,0.314,0.357
A_Lyr,Cnt_1,Et_0,Pla_0,0.384,0.307,0.31
A_Lyr,Cnt_1,Et_0,Jm_0,0.354,0.3,0.346
A_Lyr,Cnt_1,Et_0,Pna_17,0.307,0.352,0.34
A_Lyr,Cnt_1,Et_0,Uk_1,0.302,0.389,0.309
A_Lyr,Cnt_1,Et_0,Is_0,0.314,0.335,0.351
A_Lyr,Cnt_1,Et_0,Kro_0,0.349,0.284,0.367
A_Lyr,Cnt_1,Et_0,Ragl_1,0.325,0.332,0.344
A_Lyr,Cnt_1,Et_0,Mnz_0,0.31,0.334,0.356
A_Lyr,Cnt_1,Et_0,Nw_0,0.366,0.243,0.391
A_Lyr,Cnt_1,Et_0,Rome_1,0.338,0.309,0.353
A_Lyr,Cnt_1,Et_0,Qar_8a,0.282,0.262,0.456
A_Lyr,Cnt_1,Et_0,Tha_1,0.286,0.334,0.38
A_Lyr,Cnt_1,Et_0,Tu_0,0.337,0.326,0.337
A_Lyr,Cnt_1,Et_0,Vind_1,0.256,0.478,0.266
A_Lyr,Cnt_1,Et_0,Uod_1,0.309,0.343,0.348
A_Lyr,Cnt_1,Et_0,Wa_1,0.314,0.31,0.376
A_Lyr,Cnt_1,Et_0,Van_0,0.359,0.301,0.34
A_Lyr,Cnt_1,Et_0,Wt_5,0.307,0.326,0.367
A_Lyr,Cnt_1,Et_0,Yo_0,0.323,0.309,0.368
A_Lyr,Cnt_1,Ha_0,Hey_1,0.373,0.34,0.287
A_Lyr,Cnt_1,Ha_0,Hau_0,0.305,0.37,0.325
A_Lyr,Cnt_1,Ha_0,Kro_0,0.564,0.225,0.211
A_Lyr,Cnt_1,Ha_0,Is_0,0.346,0.358,0.295
A_Lyr,Cnt_1,Ha_0,Nw_0,0.596,0.178,0.227
A_Lyr,Cnt_1,Ha_0,Jm_0,0.389,0.317,0.294
A_Lyr,Cnt_1,Ha_0,Pna_17,0.495,0.288,0.216
A_Lyr,Cnt_1,Ha_0,Mnz_0,0.323,0.361,0.316
A_Lyr,Cnt_1,Ha_0,Pla_0,0.296,0.392,0.312
A_Lyr,Cnt_1,Ha_0,Rome_1,0.408,0.319,0.273
A_Lyr,Cnt_1,Ha_0,Ragl_1,0.423,0.32,0.257
A_Lyr,Cnt_1,Ha_0,Tha_1,0.325,0.356,0.319
A_Lyr,Cnt_1,Ha_0,Vind_1,0.359,0.458,0.183
A_Lyr,Cnt_1,Ha_0,Van_0,0.447,0.296,0.257
A_Lyr,Cnt_1,Ha_0,Uod_1,0.319,0.374,0.308
A_Lyr,Cnt_1,Ha_0,Wt_5,0.343,0.351,0.306
A_Lyr,Cnt_1,Ha_0,Qar_8a,0.262,0.314,0.424
A_Lyr,Cnt_1,Ha_0,Yo_0,0.53,0.244,0.226
A_Lyr,Cnt_1,Ha_0,Uk_1,0.309,0.424,0.267
A_Lyr,Cnt_1,Ha_0,Tu_0,0.377,0.339,0.284
A_Lyr,Cnt_1,Ha_0,Wa_1,0.335,0.335,0.329
A_Lyr,Cnt_1,Hau_0,Hey_1,0.32,0.338,0.343
A_Lyr,Cnt_1,Hau_0,Mnz_0,0.434,0.286,0.28
A_Lyr,Cnt_1,Hau_0,Is_0,0.29,0.356,0.354
A_Lyr,Cnt_1,Hau_0,Kro_0,0.328,0.319,0.353
A_Lyr,Cnt_1,Hau_0,Jm_0,0.343,0.318,0.339
A_Lyr,Cnt_1,Hau_0,Nw_0,0.314,0.289,0.397
A_Lyr,Cnt_1,Hau_0,Pla_0,0.297,0.37,0.333
A_Lyr,Cnt_1,Hau_0,Uk_1,0.29,0.409,0.301
A_Lyr,Cnt_1,Hau_0,Ragl_1,0.345,0.327,0.329
A_Lyr,Cnt_1,Hau_0,Pna_17,0.306,0.371,0.324
A_Lyr,Cnt_1,Hau_0,Qar_8a,0.25,0.293,0.457
A_Lyr,Cnt_1,Hau_0,Tha_1,0.35,0.321,0.328
A_Lyr,Cnt_1,Hey_1,Is_0,0.426,0.288,0.287
A_Lyr,Cnt_1,Hau_0,Uod_1,0.325,0.345,0.33
A_Lyr,Cnt_1,Hau_0,Vind_1,0.222,0.511,0.267
A_Lyr,Cnt_1,Hau_0,Rome_1,0.303,0.347,0.35
A_Lyr,Cnt_1,Hau_0,Tu_0,0.31,0.353,0.337
A_Lyr,Cnt_1,Hau_0,Wt_5,0.353,0.326,0.321
A_Lyr,Cnt_1,Hau_0,Wa_1,0.361,0.299,0.34
A_Lyr,Cnt_1,Hey_1,Mnz_0,0.379,0.312,0.309
A_Lyr,Cnt_1,Hau_0,Van_0,0.318,0.34,0.342
A_Lyr,Cnt_1,Hey_1,Pla_0,0.325,0.35,0.324
A_Lyr,Cnt_1,Hey_1,Jm_0,0.336,0.323,0.342
A_Lyr,Cnt_1,Hau_0,Yo_0,0.342,0.314,0.344
A_Lyr,Cnt_1,Hey_1,Kro_0,0.345,0.316,0.339
A_Lyr,Cnt_1,Hey_1,Nw_0,0.374,0.261,0.365
A_Lyr,Cnt_1,Hey_1,Pna_17,0.309,0.37,0.321
A_Lyr,Cnt_1,Hey_1,Ragl_1,0.386,0.309,0.306
A_Lyr,Cnt_1,Hey_1,Tha_1,0.412,0.291,0.298
A_Lyr,Cnt_1,Hey_1,Uk_1,0.33,0.385,0.285
A_Lyr,Cnt_1,Hey_1,Qar_8a,0.246,0.304,0.45
A_Lyr,Cnt_1,Hey_1,Rome_1,0.311,0.34,0.349
A_Lyr,Cnt_1,Hey_1,Tu_0,0.365,0.324,0.311
A_Lyr,Cnt_1,Hey_1,Uod_1,0.305,0.35,0.345
A_Lyr,Cnt_1,Hey_1,Van_0,0.356,0.322,0.322
A_Lyr,Cnt_1,Hey_1,Vind_1,0.264,0.495,0.242
A_Lyr,Cnt_1,Hey_1,Wt_5,0.385,0.308,0.307
A_Lyr,Cnt_1,Hey_1,Yo_0,0.335,0.317,0.348
A_Lyr,Cnt_1,Hey_1,Wa_1,0.362,0.298,0.34
A_Lyr,Cnt_1,Is_0,Jm_0,0.339,0.32,0.341
A_Lyr,Cnt_1,Is_0,Kro_0,0.333,0.318,0.349
A_Lyr,Cnt_1,Is_0,Mnz_0,0.364,0.313,0.323
A_Lyr,Cnt_1,Is_0,Nw_0,0.404,0.249,0.347
A_Lyr,Cnt_1,Is_0,Pla_0,0.308,0.353,0.339
A_Lyr,Cnt_1,Is_0,Pna_17,0.274,0.384,0.343
A_Lyr,Cnt_1,Is_0,Qar_8a,0.236,0.292,0.471
A_Lyr,Cnt_1,Is_0,Ragl_1,0.382,0.31,0.308
A_Lyr,Cnt_1,Is_0,Rome_1,0.308,0.336,0.356
A_Lyr,Cnt_1,Is_0,Tha_1,0.384,0.304,0.313
A_Lyr,Cnt_1,Is_0,Uk_1,0.335,0.384,0.281
A_Lyr,Cnt_1,Is_0,Tu_0,0.433,0.282,0.286
A_Lyr,Cnt_1,Is_0,Uod_1,0.321,0.342,0.337
A_Lyr,Cnt_1,Is_0,Van_0,0.325,0.33,0.345
A_Lyr,Cnt_1,Is_0,Vind_1,0.225,0.505,0.27
A_Lyr,Cnt_1,Is_0,Wa_1,0.303,0.321,0.376
A_Lyr,Cnt_1,Is_0,Wt_5,0.391,0.303,0.306
A_Lyr,Cnt_1,Is_0,Yo_0,0.338,0.312,0.35
A_Lyr,Cnt_1,Jm_0,Kro_0,0.399,0.302,0.299
A_Lyr,Cnt_1,Jm_0,Mnz_0,0.308,0.358,0.334
A_Lyr,Cnt_1,Jm_0,Pna_17,0.348,0.358,0.294
A_Lyr,Cnt_1,Jm_0,Nw_0,0.416,0.254,0.33
A_Lyr,Cnt_1,Jm_0,Uk_1,0.359,0.381,0.261
A_Lyr,Cnt_1,Kro_0,Nw_0,0.586,0.175,0.239
A_Lyr,Cnt_1,Jm_0,Ragl_1,0.328,0.346,0.326
A_Lyr,Cnt_1,Jm_0,Rome_1,0.386,0.32,0.294
A_Lyr,Cnt_1,Jm_0,Vind_1,0.289,0.488,0.222
A_Lyr,Cnt_1,Jm_0,Qar_8a,0.266,0.296,0.437
A_Lyr,Cnt_1,Kro_0,Pna_17,0.484,0.302,0.215
A_Lyr,Cnt_1,Jm_0,Pla_0,0.301,0.377,0.322
A_Lyr,Cnt_1,Jm_0,Uod_1,0.374,0.327,0.299
A_Lyr,Cnt_1,Jm_0,Van_0,0.381,0.32,0.299
A_Lyr,Cnt_1,Jm_0,Tha_1,0.281,0.361,0.358
A_Lyr,Cnt_1,Jm_0,Yo_0,0.378,0.301,0.322
A_Lyr,Cnt_1,Jm_0,Tu_0,0.373,0.331,0.296
A_Lyr,Cnt_1,Kro_0,Ragl_1,0.46,0.29,0.249
A_Lyr,Cnt_1,Kro_0,Rome_1,0.437,0.296,0.267
A_Lyr,Cnt_1,Kro_0,Yo_0,0.527,0.24,0.233
A_Lyr,Cnt_1,Jm_0,Wa_1,0.374,0.303,0.323
A_Lyr,Cnt_1,Kro_0,Uk_1,0.288,0.418,0.294
A_Lyr,Cnt_1,Kro_0,Mnz_0,0.347,0.339,0.314
A_Lyr,Cnt_1,Jm_0,Wt_5,0.318,0.354,0.328
A_Lyr,Cnt_1,Kro_0,Pla_0,0.299,0.376,0.324
A_Lyr,Cnt_1,Kro_0,Vind_1,0.343,0.461,0.195
A_Lyr,Cnt_1,Kro_0,Qar_8a,0.281,0.301,0.418
A_Lyr,Cnt_1,Kro_0,Tha_1,0.308,0.354,0.337
A_Lyr,Cnt_1,Kro_0,Tu_0,0.402,0.308,0.289
A_Lyr,Cnt_1,Kro_0,Van_0,0.448,0.284,0.268
A_Lyr,Cnt_1,Kro_0,Uod_1,0.32,0.364,0.316
A_Lyr,Cnt_1,Mnz_0,Nw_0,0.357,0.266,0.377
A_Lyr,Cnt_1,Mnz_0,Pla_0,0.298,0.362,0.341
A_Lyr,Cnt_1,Kro_0,Wa_1,0.342,0.318,0.339
A_Lyr,Cnt_1,Mnz_0,Pna_17,0.287,0.386,0.327
A_Lyr,Cnt_1,Kro_0,Wt_5,0.358,0.328,0.314
A_Lyr,Cnt_1,Mnz_0,Ragl_1,0.325,0.338,0.337
A_Lyr,Cnt_1,Mnz_0,Qar_8a,0.252,0.291,0.457
A_Lyr,Cnt_1,Mnz_0,Tha_1,0.359,0.311,0.33
A_Lyr,Cnt_1,Mnz_0,Uk_1,0.277,0.416,0.307
A_Lyr,Cnt_1,Mnz_0,Tu_0,0.34,0.33,0.329
A_Lyr,Cnt_1,Mnz_0,Rome_1,0.32,0.333,0.347
A_Lyr,Cnt_1,Mnz_0,Uod_1,0.318,0.344,0.338
A_Lyr,Cnt_1,Mnz_0,Van_0,0.316,0.333,0.351
A_Lyr,Cnt_1,Mnz_0,Vind_1,0.22,0.512,0.268
A_Lyr,Cnt_1,Mnz_0,Wa_1,0.346,0.309,0.344
A_Lyr,Cnt_1,Mnz_0,Wt_5,0.532,0.229,0.239
A_Lyr,Cnt_1,Nw_0,Pna_17,0.497,0.317,0.186
A_Lyr,Cnt_1,Mnz_0,Yo_0,0.323,0.322,0.355
A_Lyr,Cnt_1,Nw_0,Pla_0,0.323,0.401,0.276
A_Lyr,Cnt_1,Nw_0,Rome_1,0.443,0.316,0.241
A_Lyr,Cnt_1,Nw_0,Ragl_1,0.499,0.301,0.2
A_Lyr,Cnt_1,Nw_0,Vind_1,0.339,0.482,0.179
A_Lyr,Cnt_1,Nw_0,Yo_0,0.533,0.266,0.201
A_Lyr,Cnt_1,Nw_0,Tha_1,0.332,0.381,0.287
A_Lyr,Cnt_1,Nw_0,Qar_8a,0.29,0.325,0.385
A_Lyr,Cnt_1,Nw_0,Uk_1,0.323,0.433,0.244
A_Lyr,Cnt_1,Nw_0,Tu_0,0.397,0.351,0.252
A_Lyr,Cnt_1,Nw_0,Van_0,0.435,0.325,0.24
A_Lyr,Cnt_1,Pna_17,Yo_0,0.555,0.187,0.258
A_Lyr,Cnt_1,Pla_0,Wt_5,0.298,0.339,0.363
A_Lyr,Cnt_1,Nw_0,Uod_1,0.299,0.408,0.293
A_Lyr,Cnt_1,Pla_0,Ragl_1,0.34,0.327,0.333
A_Lyr,Cnt_1,Pla_0,Uk_1,0.281,0.411,0.308
A_Lyr,Cnt_1,Nw_0,Wt_5,0.369,0.366,0.265
A_Lyr,Cnt_1,Pla_0,Pna_17,0.287,0.366,0.347
A_Lyr,Cnt_1,Nw_0,Wa_1,0.325,0.368,0.306
A_Lyr,Cnt_1,Pla_0,Vind_1,0.238,0.49,0.272
A_Lyr,Cnt_1,Pla_0,Qar_8a,0.292,0.265,0.443
A_Lyr,Cnt_1,Pla_0,Tha_1,0.306,0.337,0.357
A_Lyr,Cnt_1,Pla_0,Rome_1,0.337,0.321,0.342
A_Lyr,Cnt_1,Pla_0,Uod_1,0.282,0.364,0.353
A_Lyr,Cnt_1,Pla_0,Wa_1,0.289,0.322,0.389
A_Lyr,Cnt_1,Pna_17,Vind_1,0.348,0.422,0.23
A_Lyr,Cnt_1,Pla_0,Tu_0,0.314,0.335,0.351
A_Lyr,Cnt_1,Pla_0,Van_0,0.358,0.306,0.336
A_Lyr,Cnt_1,Pna_17,Wt_5,0.307,0.312,0.38
A_Lyr,Cnt_1,Pna_17,Ragl_1,0.363,0.289,0.347
A_Lyr,Cnt_1,Pna_17,Uk_1,0.26,0.397,0.343
A_Lyr,Cnt_1,Pna_17,Rome_1,0.413,0.268,0.318
A_Lyr,Cnt_1,Pla_0,Yo_0,0.307,0.317,0.376
A_Lyr,Cnt_1,Pna_17,Van_0,0.425,0.264,0.312
A_Lyr,Cnt_1,Qar_8a,Rome_1,0.297,0.418,0.285
A_Lyr,Cnt_1,Pna_17,Qar_8a,0.256,0.279,0.464
A_Lyr,Cnt_1,Pna_17,Uod_1,0.275,0.352,0.374
A_Lyr,Cnt_1,Qar_8a,Uk_1,0.252,0.508,0.24
A_Lyr,Cnt_1,Pna_17,Tha_1,0.302,0.322,0.376
A_Lyr,Cnt_1,Pna_17,Wa_1,0.273,0.317,0.41
A_Lyr,Cnt_1,Qar_8a,Tu_0,0.26,0.462,0.278
A_Lyr,Cnt_1,Pna_17,Tu_0,0.31,0.324,0.367
A_Lyr,Cnt_1,Qar_8a,Ragl_1,0.261,0.46,0.279
A_Lyr,Cnt_1,Qar_8a,Vind_1,0.205,0.59,0.205
A_Lyr,Cnt_1,Qar_8a,Tha_1,0.259,0.448,0.293
A_Lyr,Cnt_1,Qar_8a,Uod_1,0.261,0.468,0.271
A_Lyr,Cnt_1,Qar_8a,Wa_1,0.253,0.438,0.309
A_Lyr,Cnt_1,Qar_8a,Van_0,0.282,0.436,0.282
A_Lyr,Cnt_1,Qar_8a,Wt_5,0.256,0.46,0.285
A_Lyr,Cnt_1,Qar_8a,Yo_0,0.278,0.423,0.299
A_Lyr,Cnt_1,Ragl_1,Rome_1,0.317,0.339,0.343
A_Lyr,Cnt_1,Ragl_1,Tha_1,0.313,0.343,0.343
A_Lyr,Cnt_1,Ragl_1,Tu_0,0.326,0.333,0.34
A_Lyr,Cnt_1,Rome_1,Vind_1,0.371,0.432,0.197
A_Lyr,Cnt_1,Ragl_1,Uk_1,0.352,0.389,0.259
A_Lyr,Cnt_1,Ragl_1,Uod_1,0.347,0.323,0.33
A_Lyr,Cnt_1,Ragl_1,Van_0,0.356,0.311,0.333
A_Lyr,Cnt_1,Ragl_1,Vind_1,0.237,0.496,0.267
A_Lyr,Cnt_1,Rome_1,Wa_1,0.316,0.321,0.363
A_Lyr,Cnt_1,Ragl_1,Wa_1,0.318,0.315,0.366
A_Lyr,Cnt_1,Ragl_1,Yo_0,0.399,0.282,0.32
A_Lyr,Cnt_1,Rome_1,Uk_1,0.301,0.408,0.291
A_Lyr,Cnt_1,Rome_1,Van_0,0.46,0.26,0.28
A_Lyr,Cnt_1,Ragl_1,Wt_5,0.355,0.324,0.321
A_Lyr,Cnt_1,Rome_1,Tha_1,0.334,0.334,0.333
A_Lyr,Cnt_1,Rome_1,Tu_0,0.358,0.328,0.314
A_Lyr,Cnt_1,Uk_1,Wt_5,0.31,0.29,0.399
A_Lyr,Cnt_1,Rome_1,Uod_1,0.318,0.35,0.332
A_Lyr,Cnt_1,Rome_1,Yo_0,0.418,0.284,0.298
A_Lyr,Cnt_1,Tu_0,Wt_5,0.406,0.293,0.301
A_Lyr,Cnt_1,Tha_1,Uk_1,0.275,0.408,0.316
A_Lyr,Cnt_1,Uod_1,Vind_1,0.223,0.496,0.281
A_Lyr,Cnt_1,Rome_1,Wt_5,0.333,0.327,0.339
A_Lyr,Cnt_1,Tha_1,Vind_1,0.243,0.509,0.248
A_Lyr,Cnt_1,Tha_1,Tu_0,0.357,0.332,0.311
A_Lyr,Cnt_1,Uod_1,Yo_0,0.272,0.336,0.392
A_Lyr,Cnt_1,Tha_1,Van_0,0.336,0.329,0.335
A_Lyr,Cnt_1,Tha_1,Yo_0,0.322,0.335,0.344
A_Lyr,Cnt_1,Tu_0,Vind_1,0.274,0.481,0.246
A_Lyr,Cnt_1,Tha_1,Uod_1,0.294,0.354,0.352
A_Lyr,Cnt_1,Tha_1,Wt_5,0.345,0.329,0.326
A_Lyr,Cnt_1,Tu_0,Uk_1,0.318,0.396,0.287
A_Lyr,Cnt_1,Uk_1,Vind_1,0.217,0.459,0.324
A_Lyr,Cnt_1,Tha_1,Wa_1,0.345,0.312,0.343
A_Lyr,Co_1,Da1_12,Dra_0,0.991,0.0045,0.0045
A_Lyr,Cnt_1,Uk_1,Yo_0,0.27,0.303,0.427
A_Lyr,Cnt_1,Uk_1,Wa_1,0.309,0.278,0.413
A_Lyr,Cnt_1,Uk_1,Van_0,0.291,0.3,0.408
A_Lyr,Cnt_1,Uk_1,Uod_1,0.331,0.27,0.399
A_Lyr,Cnt_1,Tu_0,Yo_0,0.348,0.311,0.341
A_Lyr,Cnt_1,Tu_0,Uod_1,0.36,0.319,0.321
A_Lyr,Cnt_1,Van_0,Vind_1,0.4,0.423,0.177
A_Lyr,Cnt_1,Tu_0,Van_0,0.377,0.304,0.319
A_Lyr,Cnt_1,Tu_0,Wa_1,0.312,0.319,0.369
A_Lyr,Cnt_1,Vind_1,Wa_1,0.218,0.251,0.53
A_Lyr,Cnt_1,Vind_1,Yo_0,0.353,0.191,0.456
A_Lyr,Cnt_1,Van_0,Wt_5,0.331,0.336,0.332
A_Lyr,Cnt_1,Uod_1,Wa_1,0.348,0.301,0.35
A_Lyr,Cnt_1,Vind_1,Wt_5,0.25,0.252,0.498
A_Lyr,Cnt_1,Uod_1,Van_0,0.309,0.333,0.358
A_Lyr,Cnt_1,Uod_1,Wt_5,0.328,0.337,0.335
A_Lyr,Cnt_1,Van_0,Yo_0,0.424,0.279,0.297
A_Lyr,Cnt_1,Wa_1,Yo_0,0.289,0.36,0.351
A_Lyr,Cnt_1,Wa_1,Wt_5,0.323,0.358,0.32
A_Lyr,Cnt_1,Wt_5,Yo_0,0.311,0.328,0.362
A_Lyr,Cnt_1,Van_0,Wa_1,0.308,0.33,0.361
A_Lyr,Co_1,Da1_12,Et_0,0.31,0.33,0.36
A_Lyr,Co_1,Da1_12,Jm_0,0.411,0.249,0.34
A_Lyr,Co_1,Da1_12,En_2,0.309,0.315,0.377
A_Lyr,Co_1,Da1_12,Ha_0,0.339,0.283,0.378
A_Lyr,Co_1,Da1_12,Hau_0,0.348,0.292,0.36
A_Lyr,Co_1,Da1_12,Is_0,0.316,0.365,0.319
A_Lyr,Co_1,Da1_12,Hey_1,0.307,0.35,0.343
A_Lyr,Co_1,Da1_12,Rome_1,0.312,0.345,0.343
A_Lyr,Co_1,Da1_12,Uk_1,0.344,0.313,0.342
A_Lyr,Co_1,Da1_12,Van_0,0.312,0.331,0.358
A_Lyr,Co_1,Da1_12,Mnz_0,0.307,0.315,0.378
A_Lyr,Co_1,Da1_12,Yo_0,0.286,0.31,0.404
A_Lyr,Co_1,Da1_12,Kro_0,0.308,0.32,0.372
A_Lyr,Co_1,Da1_12,Nw_0,0.334,0.303,0.363
A_Lyr,Co_1,Da1_12,Pla_0,0.307,0.34,0.353
A_Lyr,Co_1,Da1_12,Pna_17,0.306,0.317,0.377
A_Lyr,Co_1,Da1_12,Tha_1,0.293,0.371,0.336
A_Lyr,Co_1,Dra_0,Mnz_0,0.311,0.315,0.374
A_Lyr,Co_1,Da1_12,Ragl_1,0.337,0.302,0.36
A_Lyr,Co_1,Da1_12,Qar_8a,0.221,0.334,0.446
A_Lyr,Co_1,Da1_12,Tu_0,0.346,0.329,0.326
A_Lyr,Co_1,Da1_12,Uod_1,0.443,0.255,0.303
A_Lyr,Co_1,Dra_0,Uod_1,0.442,0.258,0.3
A_Lyr,Co_1,Dra_0,Van_0,0.314,0.33,0.356
A_Lyr,Co_1,Dra_0,Vind_1,0.294,0.336,0.37
A_Lyr,Co_1,Da1_12,Vind_1,0.291,0.338,0.37
A_Lyr,Co_1,Dra_0,Is_0,0.318,0.366,0.316
A_Lyr,Co_1,Dra_0,Wt_5,0.359,0.334,0.307
A_Lyr,Co_1,Dra_0,Hey_1,0.309,0.351,0.34
A_Lyr,Co_1,Da1_12,Wt_5,0.357,0.334,0.309
A_Lyr,Co_1,Dra_0,Hau_0,0.35,0.293,0.358
A_Lyr,Co_1,Dra_0,Et_0,0.311,0.33,0.359
A_Lyr,Co_1,Dra_0,Jm_0,0.413,0.249,0.338
A_Lyr,Co_1,Dra_0,En_2,0.311,0.315,0.374
A_Lyr,Co_1,Da1_12,Wa_1,0.375,0.265,0.36
A_Lyr,Co_1,Dra_0,Ha_0,0.342,0.282,0.376
A_Lyr,Co_1,Dra_0,Kro_0,0.31,0.32,0.371
A_Lyr,Co_1,En_2,Is_0,0.339,0.369,0.292
A_Lyr,Co_1,En_2,Hau_0,0.332,0.337,0.331
A_Lyr,Co_1,Dra_0,Nw_0,0.336,0.302,0.362
A_Lyr,Co_1,Dra_0,Pla_0,0.309,0.34,0.351
A_Lyr,Co_1,En_2,Hey_1,0.341,0.36,0.299
A_Lyr,Co_1,Dra_0,Tha_1,0.295,0.372,0.333
A_Lyr,Co_1,Dra_0,Pna_17,0.307,0.316,0.377
A_Lyr,Co_1,Dra_0,Ragl_1,0.338,0.303,0.359
A_Lyr,Co_1,Dra_0,Tu_0,0.345,0.331,0.323
A_Lyr,Co_1,En_2,Ha_0,0.565,0.199,0.236
A_Lyr,Co_1,Dra_0,Uk_1,0.346,0.313,0.341
A_Lyr,Co_1,Dra_0,Rome_1,0.313,0.344,0.343
A_Lyr,Co_1,Dra_0,Qar_8a,0.222,0.334,0.444
A_Lyr,Co_1,Dra_0,Yo_0,0.287,0.311,0.402
A_Lyr,Co_1,Dra_0,Wa_1,0.377,0.265,0.358
A_Lyr,Co_1,En_2,Et_0,0.373,0.332,0.295
A_Lyr,Co_1,En_2,Jm_0,0.39,0.289,0.321
A_Lyr,Co_1,En_2,Kro_0,0.546,0.232,0.222
A_Lyr,Co_1,En_2,Mnz_0,0.326,0.342,0.332
A_Lyr,Co_1,En_2,Rome_1,0.442,0.307,0.251
A_Lyr,Co_1,En_2,Nw_0,0.546,0.221,0.233
A_Lyr,Co_1,En_2,Tha_1,0.315,0.38,0.305
A_Lyr,Co_1,En_2,Tu_0,0.413,0.321,0.266
A_Lyr,Co_1,En_2,Pna_17,0.541,0.232,0.227
A_Lyr,Co_1,En_2,Uod_1,0.336,0.334,0.331
A_Lyr,Co_1,En_2,Ragl_1,0.43,0.291,0.279
A_Lyr,Co_1,Et_0,Ha_0,0.394,0.262,0.344
A_Lyr,Co_1,En_2,Pla_0,0.324,0.357,0.318
A_Lyr,Co_1,En_2,Yo_0,0.538,0.212,0.25
A_Lyr,Co_1,En_2,Qar_8a,0.263,0.35,0.387
A_Lyr,Co_1,En_2,Van_0,0.452,0.287,0.261
A_Lyr,Co_1,En_2,Vind_1,0.43,0.292,0.278
A_Lyr,Co_1,Et_0,Kro_0,0.364,0.3,0.336
A_Lyr,Co_1,En_2,Uk_1,0.43,0.298,0.272
A_Lyr,Co_1,Et_0,Mnz_0,0.351,0.306,0.343
A_Lyr,Co_1,Et_0,Nw_0,0.373,0.287,0.341
A_Lyr,Co_1,En_2,Wt_5,0.341,0.368,0.292
A_Lyr,Co_1,Et_0,Qar_8a,0.278,0.32,0.403
A_Lyr,Co_1,Et_0,Yo_0,0.357,0.287,0.356
A_Lyr,Co_1,Ha_0,Is_0,0.354,0.38,0.266
A_Lyr,Co_1,En_2,Wa_1,0.319,0.321,0.359
A_Lyr,Co_1,Et_0,Hey_1,0.342,0.335,0.323
A_Lyr,Co_1,Et_0,Wt_5,0.312,0.361,0.327
A_Lyr,Co_1,Et_0,Is_0,0.331,0.355,0.314
A_Lyr,Co_1,Ha_0,Nw_0,0.606,0.21,0.184
A_Lyr,Co_1,Et_0,Jm_0,0.388,0.274,0.338
A_Lyr,Co_1,Ha_0,Kro_0,0.586,0.229,0.186
A_Lyr,Co_1,Et_0,Hau_0,0.369,0.295,0.336
A_Lyr,Co_1,Et_0,Tha_1,0.291,0.37,0.339
A_Lyr,Co_1,Et_0,Pla_0,0.411,0.294,0.295
A_Lyr,Co_1,Et_0,Pna_17,0.359,0.302,0.339
A_Lyr,Co_1,Et_0,Tu_0,0.352,0.337,0.31
A_Lyr,Co_1,Et_0,Rome_1,0.354,0.339,0.307
A_Lyr,Co_1,Et_0,Van_0,0.383,0.309,0.308
A_Lyr,Co_1,Ha_0,Pna_17,0.548,0.24,0.212
A_Lyr,Co_1,Et_0,Ragl_1,0.364,0.307,0.329
A_Lyr,Co_1,Et_0,Vind_1,0.371,0.3,0.329
A_Lyr,Co_1,Et_0,Uod_1,0.345,0.312,0.342
A_Lyr,Co_1,Et_0,Uk_1,0.372,0.306,0.322
A_Lyr,Co_1,Ha_0,Jm_0,0.425,0.291,0.284
A_Lyr,Co_1,Ha_0,Hey_1,0.385,0.356,0.259
A_Lyr,Co_1,Ha_0,Hau_0,0.335,0.351,0.314
A_Lyr,Co_1,Et_0,Wa_1,0.356,0.287,0.357
A_Lyr,Co_1,Ha_0,Mnz_0,0.342,0.343,0.315
A_Lyr,Co_1,Ha_0,Ragl_1,0.466,0.29,0.244
A_Lyr,Co_1,Ha_0,Rome_1,0.427,0.331,0.241
A_Lyr,Co_1,Ha_0,Pla_0,0.328,0.379,0.293
A_Lyr,Co_1,Ha_0,Qar_8a,0.252,0.369,0.379
A_Lyr,Co_1,Ha_0,Tha_1,0.329,0.389,0.282
A_Lyr,Co_1,Ha_0,Tu_0,0.392,0.351,0.257
A_Lyr,Co_1,Ha_0,Uk_1,0.366,0.342,0.292
A_Lyr,Co_1,Ha_0,Uod_1,0.349,0.343,0.308
A_Lyr,Co_1,Ha_0,Van_0,0.478,0.295,0.227
A_Lyr,Co_1,Ha_0,Vind_1,0.466,0.294,0.24
A_Lyr,Co_1,Ha_0,Yo_0,0.571,0.211,0.218
A_Lyr,Co_1,Ha_0,Wt_5,0.346,0.383,0.271
A_Lyr,Co_1,Hau_0,Is_0,0.314,0.378,0.308
A_Lyr,Co_1,Hau_0,Kro_0,0.346,0.332,0.322
A_Lyr,Co_1,Hau_0,Hey_1,0.341,0.345,0.314
A_Lyr,Co_1,Ha_0,Wa_1,0.362,0.325,0.313
A_Lyr,Co_1,Hau_0,Ragl_1,0.38,0.313,0.308
A_Lyr,Co_1,Hau_0,Tha_1,0.362,0.356,0.282
A_Lyr,Co_1,Hau_0,Tu_0,0.326,0.369,0.305
A_Lyr,Co_1,Hau_0,Mnz_0,0.471,0.266,0.263
A_Lyr,Co_1,Hau_0,Uod_1,0.362,0.318,0.32
A_Lyr,Co_1,Hau_0,Vind_1,0.336,0.337,0.327
A_Lyr,Co_1,Hau_0,Van_0,0.339,0.348,0.313
A_Lyr,Co_1,Hau_0,Yo_0,0.367,0.295,0.338
A_Lyr,Co_1,Hau_0,Jm_0,0.389,0.287,0.324
A_Lyr,Co_1,Hau_0,Nw_0,0.33,0.334,0.337
A_Lyr,Co_1,Hau_0,Pla_0,0.341,0.35,0.308
A_Lyr,Co_1,Hau_0,Pna_17,0.358,0.324,0.319
A_Lyr,Co_1,Hau_0,Qar_8a,0.244,0.354,0.402
A_Lyr,Co_1,Hau_0,Rome_1,0.318,0.379,0.303
A_Lyr,Co_1,Hau_0,Uk_1,0.351,0.331,0.318
A_Lyr,Co_1,Hey_1,Is_0,0.432,0.306,0.262
A_Lyr,Co_1,Hau_0,Wa_1,0.4,0.272,0.328
A_Lyr,Co_1,Hau_0,Wt_5,0.35,0.365,0.285
A_Lyr,Co_1,Hey_1,Mnz_0,0.398,0.277,0.325
A_Lyr,Co_1,Hey_1,Jm_0,0.363,0.276,0.361
A_Lyr,Co_1,Hey_1,Kro_0,0.348,0.302,0.35
A_Lyr,Co_1,Hey_1,Tha_1,0.44,0.292,0.268
A_Lyr,Co_1,Hey_1,Nw_0,0.365,0.285,0.35
A_Lyr,Co_1,Hey_1,Pla_0,0.344,0.326,0.33
A_Lyr,Co_1,Hey_1,Pna_17,0.344,0.294,0.361
A_Lyr,Co_1,Hey_1,Ragl_1,0.407,0.28,0.313
A_Lyr,Co_1,Hey_1,Rome_1,0.314,0.341,0.345
A_Lyr,Co_1,Hey_1,Qar_8a,0.224,0.348,0.428
A_Lyr,Co_1,Hey_1,Tu_0,0.369,0.314,0.317
A_Lyr,Co_1,Hey_1,Uk_1,0.381,0.297,0.322
A_Lyr,Co_1,Hey_1,Uod_1,0.324,0.317,0.359
A_Lyr,Co_1,Hey_1,Vind_1,0.355,0.293,0.351
A_Lyr,Co_1,Is_0,Jm_0,0.352,0.276,0.372
A_Lyr,Co_1,Hey_1,Van_0,0.372,0.296,0.332
A_Lyr,Co_1,Hey_1,Wa_1,0.372,0.268,0.361
A_Lyr,Co_1,Is_0,Mnz_0,0.382,0.269,0.349
A_Lyr,Co_1,Hey_1,Wt_5,0.391,0.316,0.293
A_Lyr,Co_1,Is_0,Kro_0,0.331,0.3,0.368
A_Lyr,Co_1,Hey_1,Yo_0,0.35,0.271,0.379
A_Lyr,Co_1,Is_0,Nw_0,0.387,0.265,0.347
A_Lyr,Co_1,Is_0,Pla_0,0.325,0.32,0.355
A_Lyr,Co_1,Is_0,Qar_8a,0.21,0.333,0.457
A_Lyr,Co_1,Is_0,Pna_17,0.299,0.312,0.389
A_Lyr,Co_1,Is_0,Ragl_1,0.384,0.271,0.345
A_Lyr,Co_1,Is_0,Tha_1,0.382,0.29,0.328
A_Lyr,Co_1,Is_0,Rome_1,0.304,0.334,0.362
A_Lyr,Co_1,Is_0,Tu_0,0.417,0.27,0.312
A_Lyr,Co_1,Is_0,Uod_1,0.324,0.298,0.378
A_Lyr,Co_1,Is_0,Uk_1,0.379,0.283,0.338
A_Lyr,Co_1,Is_0,Van_0,0.33,0.305,0.365
A_Lyr,Co_1,Is_0,Vind_1,0.31,0.307,0.383
A_Lyr,Co_1,Is_0,Wa_1,0.32,0.274,0.406
A_Lyr,Co_1,Jm_0,Kro_0,0.425,0.311,0.264
A_Lyr,Co_1,Jm_0,Nw_0,0.423,0.299,0.278
A_Lyr,Co_1,Jm_0,Mnz_0,0.355,0.343,0.302
A_Lyr,Co_1,Jm_0,Rome_1,0.41,0.342,0.248
A_Lyr,Co_1,Jm_0,Pna_17,0.402,0.316,0.283
A_Lyr,Co_1,Is_0,Wt_5,0.373,0.304,0.322
A_Lyr,Co_1,Jm_0,Qar_8a,0.26,0.363,0.378
A_Lyr,Co_1,Is_0,Yo_0,0.336,0.268,0.396
A_Lyr,Co_1,Jm_0,Ragl_1,0.373,0.336,0.291
A_Lyr,Co_1,Jm_0,Pla_0,0.342,0.373,0.284
A_Lyr,Co_1,Jm_0,Tha_1,0.303,0.397,0.3
A_Lyr,Co_1,Jm_0,Tu_0,0.386,0.361,0.253
A_Lyr,Co_1,Jm_0,Uk_1,0.426,0.316,0.258
A_Lyr,Co_1,Jm_0,Van_0,0.416,0.324,0.26
A_Lyr,Co_1,Jm_0,Vind_1,0.412,0.317,0.271
A_Lyr,Co_1,Jm_0,Uod_1,0.411,0.317,0.272
A_Lyr,Co_1,Kro_0,Nw_0,0.593,0.195,0.212
A_Lyr,Co_1,Kro_0,Pna_17,0.528,0.234,0.238
A_Lyr,Co_1,Jm_0,Yo_0,0.413,0.289,0.298
A_Lyr,Co_1,Jm_0,Wa_1,0.412,0.293,0.295
A_Lyr,Co_1,Kro_0,Yo_0,0.557,0.203,0.24
A_Lyr,Co_1,Kro_0,Rome_1,0.443,0.303,0.254
A_Lyr,Co_1,Jm_0,Wt_5,0.336,0.388,0.276
A_Lyr,Co_1,Kro_0,Ragl_1,0.481,0.267,0.252
A_Lyr,Co_1,Kro_0,Van_0,0.467,0.281,0.252
A_Lyr,Co_1,Kro_0,Vind_1,0.441,0.281,0.278
A_Lyr,Co_1,Kro_0,Mnz_0,0.373,0.305,0.322
A_Lyr,Co_1,Kro_0,Pla_0,0.319,0.358,0.322
A_Lyr,Co_1,Kro_0,Tu_0,0.411,0.319,0.271
A_Lyr,Co_1,Kro_0,Tha_1,0.301,0.384,0.315
A_Lyr,Co_1,Kro_0,Qar_8a,0.251,0.348,0.401
A_Lyr,Co_1,Kro_0,Uod_1,0.336,0.331,0.333
A_Lyr,Co_1,Kro_0,Uk_1,0.33,0.344,0.326
A_Lyr,Co_1,Mnz_0,Vind_1,0.331,0.34,0.329
A_Lyr,Co_1,Kro_0,Wt_5,0.356,0.354,0.29
A_Lyr,Co_1,Kro_0,Wa_1,0.362,0.292,0.346
A_Lyr,Co_1,Mnz_0,Nw_0,0.37,0.309,0.321
A_Lyr,Co_1,Mnz_0,Pna_17,0.343,0.327,0.33
A_Lyr,Co_1,Mnz_0,Pla_0,0.337,0.352,0.311
A_Lyr,Co_1,Mnz_0,Tha_1,0.375,0.348,0.278
A_Lyr,Co_1,Mnz_0,Ragl_1,0.359,0.328,0.314
A_Lyr,Co_1,Mnz_0,Qar_8a,0.244,0.35,0.406
A_Lyr,Co_1,Mnz_0,Tu_0,0.357,0.355,0.287
A_Lyr,Co_1,Mnz_0,Rome_1,0.329,0.371,0.3
A_Lyr,Co_1,Mnz_0,Uk_1,0.352,0.331,0.317
A_Lyr,Co_1,Mnz_0,Uod_1,0.357,0.323,0.32
A_Lyr,Co_1,Mnz_0,Wt_5,0.531,0.277,0.193
A_Lyr,Co_1,Mnz_0,Van_0,0.343,0.354,0.304
A_Lyr,Co_1,Mnz_0,Wa_1,0.388,0.285,0.326
A_Lyr,Co_1,Nw_0,Pna_17,0.529,0.238,0.232
A_Lyr,Co_1,Mnz_0,Yo_0,0.365,0.3,0.336
A_Lyr,Co_1,Nw_0,Pla_0,0.328,0.36,0.312
A_Lyr,Co_1,Nw_0,Qar_8a,0.254,0.351,0.396
A_Lyr,Co_1,Nw_0,Ragl_1,0.517,0.248,0.234
A_Lyr,Co_1,Nw_0,Rome_1,0.45,0.307,0.243
A_Lyr,Co_1,Nw_0,Tha_1,0.315,0.381,0.304
A_Lyr,Co_1,Nw_0,Tu_0,0.397,0.334,0.269
A_Lyr,Co_1,Nw_0,Vind_1,0.416,0.304,0.28
A_Lyr,Co_1,Nw_0,Uk_1,0.366,0.323,0.31
A_Lyr,Co_1,Nw_0,Uod_1,0.304,0.353,0.344
A_Lyr,Co_1,Nw_0,Wt_5,0.363,0.361,0.276
A_Lyr,Co_1,Nw_0,Van_0,0.444,0.302,0.254
A_Lyr,Co_1,Nw_0,Yo_0,0.549,0.213,0.238
A_Lyr,Co_1,Nw_0,Wa_1,0.333,0.319,0.348
A_Lyr,Co_1,Pla_0,Pna_17,0.342,0.306,0.352
A_Lyr,Co_1,Pla_0,Qar_8a,0.285,0.319,0.396
